Process is:[object process]
argv:/usr/local/bin/node,/mnt/d/programs/NetBeansProjects/Orb/src/missionfinder/main.js,-2,1962-08-28,1963-01-01
Horizon command is:java -jar ../../../HorizonsQuery/dist/HorizonsQuery.jar -2 1962-08-28 1963-01-01
Looking at pname, time:Earth 200000000
Looking at pname, time:Venus 200000000
Looking at pname, time:Mercury 200000000
1 1.0034788196087856 0.009043918162165359 0.7056416730364382 1.113868339789467
delta: 1 0.019413369832854827 0.01597307163243883
2 1.0024902326601042 0.012005114259322701 0.6871729819074731 1.0859245090320058
3 1.0012826046222383 0.015174349805163719 0.6686564053820446 1.0568726365877472
4 0.9998571762740947 0.018429519881848665 0.6500952223369342 1.0267577544426199
5 0.9976892933102863 0.021859643931307956 0.6312293024046024 0.9952229297262073
6 0.9953126456525911 0.025272078166210667 0.6123779140255221 0.9627796323784965
7 0.9927288014846419 0.028664256814557552 0.5935588684147406 0.929520547595593
8 0.9899393719739362 0.03203525045396911 0.5747906311509596 0.8955697155833131
9 0.9869460809806716 0.03538535831601461 0.5560920257210983 0.861095460391534
10 0.9837507961315299 0.0387159918536469 0.5374820662649299 0.8263272248752295
11 0.9803555469928975 0.0420296730749806 0.5189798517261581 0.791577310658786
12 0.9767625389301111 0.04533008243191514 0.5006044910674087 0.7572683697821888
13 0.9729741657457193 0.04862212886643348 0.48237504461716607 0.7239667530568287
14 0.9689930222411749 0.051912028699502705 0.4643104736331021 0.6924198658971646
15 0.9648219171554979 0.05520738553240912 0.4464295936338351 0.6635915664926159
16 0.9604638867056896 0.058517265493129314 0.42875102883821326 0.638682414748252
17 0.95592220887934 0.06185226295716552 0.41129316599129623 0.6191116399522216
18 0.9512004186040516 0.06522455212760925 0.3940741063405295 0.606429732024773
19 0.9463023238996785 0.06864791994526973 0.3771116147677205 0.6021363980111257
20 0.9412320230890717 0.07213777593789274 0.36042306518113126 0.607412462796017
21 0.9359939231039315 0.07571113492543144 0.3440253813083789 0.6228324465447234
22 0.9305927588928015 0.07938656906160373 0.3279349720396082 0.6481665440289042
23 0.9250336139271247 0.0831841265661396 0.31216766047991984 0.6823573475702824
24 0.9193219418028847 0.08712521571658303 0.2967386058674052 0.7236758360431654
25 0.9134635889329785 0.0912324541952678 0.2816622175062362 0.7699898248163719
26 0.90746481830897 0.09552948564532071 0.26695205986049014 0.8190603609988488
27 0.9013323342772255 0.10004076713357624 0.2526207479772098 0.8688008792807235
28 0.895073308237859 0.10479133295862585 0.23867983248161112 0.9174597381032356
29 0.8886954051430536 0.10980654168606507 0.22513967354438924 0.9637106143995771
30 0.8822068106389334 0.11511181426422187 0.21200930346977231 1.0066583651678218
31 0.8756162586568406 0.12073237145061928 0.19929627792278498 1.0457854644136857
32 0.8689330592105041 0.12669297849639918 0.18700651634023882 1.0808697604804791
33 0.8621671260979522 0.13301770412081138 0.17514413278847235 1.1118988111192765
34 0.8553290041403139 0.13972969936483182 0.16371125947483678 1.1389957173291865
35 0.8484298955161417 0.14685100011545718 0.15270786632068947 1.1623620285566088
36 0.8414816846689652 0.15440235514741307 0.14213158146363347 1.1822373928957066
37 0.834496961175784 0.16240307964708614 0.13197751925609444 1.198872973825504
38 0.8274890398632989 0.17087093254488742 0.122238124206859 1.212515075040924
39 0.8204719773457184 0.1798220147170346 0.11290304125135278 1.223395822499212
40 0.8134605840324816 0.18927068429469496 0.10395902455669717 1.2317284687360217
41 0.8064704305141076 0.19922948495539516 0.095389898533599 1.2377055803062518
42 0.799517847076194 0.20970908313852674 0.0871765855547637 1.2414989283509066
43 0.792619914903787 0.22071821057750649 0.07929721480978859 1.2432603102840443
44 0.7857944472958495 0.23226360932764445 0.07172732560643023 1.2431228112970465
45 0.7790599588593659 0.24434997757662955 0.06444017639542982 1.241202199727686
46 0.7724356200745532 0.25697991601552744 0.057407168587293625 1.2375982685996354
47 0.765941193531705 0.2701538766835187 0.05059839386827687 1.2323960082588403
48 0.7595969458227957 0.28387011969734754 0.04398332028558638 1.22566653682742
49 0.7534235235674115 0.298124690204298 0.03753165946012349 1.2174677349649854
50 0.7474417673144279 0.31291144466112364 0.031214546462935384 1.2078445308040846
51 0.7416723911389722 0.3282222054163618 0.025006465689856747 1.196828744624538
52 0.7361352781043252 0.34404731239216246 0.018889544464659746 1.1844382412637242
53 0.730847162086112 0.36037788736063325 0.012867951234851793 1.1706742304978006
54 0.7258043648635965 0.37722442576872606 0.007048194598914002 1.1555043105280265
55 0.7213416719266029 0.39558740735602216 0.0033257660634573184 1.1394054414806292
delta: 55 0.08143282909179317 0.12827042304362243
56 0.7180122449016865 0.4145517927011888 0.007357712573700278 1.1228169798632348
57 0.7152838475085959 0.43379863793664314 0.0131586734481538 1.1050205047642745
58 0.7131551887397346 0.45330620867821997 0.019170815686042467 1.0858966721729746
59 0.7116343814706863 0.47303358494933023 0.025224118779256018 1.0653083371175849
60 0.7107285805633582 0.49293482529951543 0.03126503491111103 1.0430906755485037
61 0.710442231010971 0.5129616168243945 0.03725999567932073 1.0190517543312316
62 0.7107765097879212 0.5330644130475336 0.043179914887044084 0.9929787398865668
63 0.7117291189307768 0.5531931998849995 0.04899685642160654 0.9646515136941858
Preliminary analysis gives following periods:
0 manuever 0 1
1 coast 1 54
2 manuever 54 55
3 coast 55 63
 "TBD": {
 "color": 16776960 ,
 "horizonsID": -2 ,
 "orbits":[
   {
    "start": -1178496000 ,
Got unexpected manuever
   },
   {
    "start": -1178496000 ,
    "stop": -1177718400 ,
    "interp": -1177891200 ,
    "sat":{
      "e": 0.20427898472931266,
      "a": 124844610363.7341,
      "per": 24042939.703837026,
      "t0": -1190964901.4915946,
      "rot":[ 0.8978275509157395,0.44012186872810527,-0.4403472366401828,0.8973680464526266,0.031989527553201356,3.078360337437301 ],
    }
   },
   {
    "start": -1177718400 ,
    "stop": -1177200000 ,
    "interp": -1177372800 ,
    "sat":{
      "e": 0.1986325858289038,
      "a": 125928952334.47,
      "per": 24356857.499237552,
      "t0": -1191521972.1193082,
      "rot":[ 0.899213232791007,0.43727795317400786,-0.4375106421260474,0.89873498845898,0.03261000134294902,3.0043745798689363 ],
    }
   },
   {
    "start": -1177200000 ,
    "stop": -1175990400 ,
    "interp": -1176163200 ,
    "sat":{
      "e": 0.19576299431294325,
      "a": 126134273887.4835,
      "per": 24416450.93228784,
      "t0": -1191517518.8299792,
      "rot":[ 0.8984447352583499,0.4388565739718011,-0.4390866175215927,0.8979740276395274,0.03236592601144357,3.0113208938587306 ],
    }
   },
   {
    "start": -1175990400 ,
    "stop": -1173744000 ,
    "interp": -1173916800 ,
    "sat":{
      "e": 0.19084371728205202,
      "a": 126435055047.8034,
      "per": 24503838.57834076,
      "t0": -1191527590.8238666,
      "rot":[ 0.897654379614021,0.44047095495444744,-0.4407001415472512,0.8971875534676602,0.03224642219272524,3.0164447510674344 ],
    }
   },
   {
    "start": -1173744000 ,
    "stop": -1171497600 ,
    "interp": -1171670400 ,
    "sat":{
      "e": 0.18550101857150522,
      "a": 127059420977.5038,
      "per": 24685571.022612773,
      "t0": -1191713937.0254138,
      "rot":[ 0.897277416956465,0.4412379146546854,-0.4414671414951899,0.8968115157647062,0.032221233107913465,2.9958775092546084 ],
    }
   },
   {
    "start": -1171497600 ,
    "stop": -1168992000 ,
    "interp": -1169164800 ,
    "sat":{
      "e": 0.18808302007345082,
      "a": 128404688984.1176,
      "per": 25078652.328886874,
      "t0": -1192231001.9169755,
      "rot":[ 0.8967271220900992,0.442354010532323,-0.44258385477557627,0.8962614305277941,0.03222386560054309,2.9492009579642846 ],
    }
   },
   {
    "start": -1168992000 ,
    "stop": 1000000000000 ,
    "sat":{
      "e": 0.278748234476684,
      "a": 147368205043.0105,
      "per": 30834617.15728264,
      "t0": -1198813679.131493,
      "rot":[ 0.6795424835664181,-0.7332991302325248,0.7336361584793816,0.6792303056438144,0.030308043408192077,1.3768603051662403 ],
    }
   }
 ]
